76561199052909857
76561199366178362
76561198271062783
76561198880381936
76561199082511746
76561198385400593
76561199496677250
76561199208401869
76561198930088976
76561199132804434
76561199188578706
76561199073801788
76561199122860293
76561199124160941
76561198883267101
76561199039608060
76561199243165800
76561199474639654
76561199622428872
76561198803276250
76561199303578173
76561198813153086
76561197996293474
76561198436277831
76561198832482874
76561199472822126
76561198170332830
76561199562836223
76561199028087598
76561199530067376
76561199543621773
76561199013486916
76561198869327973
76561198981522941
76561198364348913
76561199068458824
76561198258035597
76561199087520186
76561198041380135
76561199043370863
76561199618053483
